0.4 0.3 0.3
0.01993141696 0.01993141696
0.7943345308 0.7943345308
ARNDCQEGHILKMFPSTWYV
0.0237307195 
0.0024450200 0.0177511796 
0.0021022800 0.0020778200 0.0128186401 
0.0022354899 0.0016165701 0.0035353999 0.0191117804 
0.0014551500 0.0004470100 0.0004247900 0.0003679800 0.0101346998 
0.0021910199 0.0025353199 0.0015822300 0.0017678400 0.0003210200 0.0075660399 
0.0033221799 0.0026886500 0.0022473801 0.0049680001 0.0003795600 0.0034512801 0.0167656504 
0.0059789801 0.0019486500 0.0028888199 0.0023524901 0.0007120600 0.0014243200 0.0021486001 0.0406287611 
0.0011435300 0.0013210500 0.0014120500 0.0009707700 0.0002642100 0.0011390100 0.0013176700 0.0010370400 0.0086799599 
0.0031885300 0.0013814500 0.0010427299 0.0010535500 0.0009404000 0.0010088300 0.0012420700 0.0014252000 0.0005971600 0.0177826304 
0.0044957600 0.0024681101 0.0016027500 0.0016196599 0.0013849400 0.0018055300 0.0022206299 0.0021285301 0.0011175401 0.0107183401 0.0358392112 
0.0033169300 0.0059564998 0.0025730999 0.0025251801 0.0004695100 0.0031230799 0.0042841998 0.0025931101 0.0012137600 0.0015785201 0.0025962600 0.0161222797 
0.0014887800 0.0007673400 0.0006340100 0.0004780800 0.0003742100 0.0007554600 0.0007610500 0.0006650400 0.0004223700 0.0022409700 0.0046193898 0.0009612000 0.0040952200 
0.0016500400 0.0009076800 0.0008465800 0.0006904100 0.0005227400 0.0005924800 0.0007881400 0.0011520400 0.0007254500 0.0027994800 0.0053336900 0.0008722200 0.0011611100 0.0166103803 
0.0023061801 0.0010626800 0.0010028200 0.0012538100 0.0003476600 0.0009011100 0.0015155000 0.0015560100 0.0004907800 0.0010376700 0.0015731000 0.0015483600 0.0004671800 0.0006070100 0.0184607096 
0.0063175200 0.0022454001 0.0030139701 0.0028522599 0.0009486700 0.0019115499 0.0029389800 0.0038196200 0.0011642200 0.0017356500 0.0025096200 0.0031263300 0.0008778700 0.0011903601 0.0018003701 0.0134660900 
0.0038999501 0.0018605300 0.0022014400 0.0018048800 0.0007379800 0.0015452600 0.0021676000 0.0021484101 0.0007774700 0.0024896800 0.0030227299 0.0025086200 0.0009337100 0.0010759500 0.0014798200 0.0048729498 0.0129943602 
0.0003911900 0.0002913900 0.0002100600 0.0001601500 0.0001066600 0.0002059200 0.0002381500 0.0003878600 0.0001909700 0.0003954900 0.0007673600 0.0002844800 0.0001625300 0.0008575100 0.0001567400 0.0002652500 0.0002496100 0.0056362501 
0.0013184000 0.0009943000 0.0007496000 0.0006600500 0.0003662600 0.0007019200 0.0009254800 0.0008930100 0.0013103799 0.0012785700 0.0021971299 0.0010081700 0.0005410500 0.0036873899 0.0004760800 0.0010264800 0.0009475900 0.0006922600 0.0099931499 
0.0053324099 0.0016935900 0.0013660900 0.0012791500 0.0011915200 0.0013284400 0.0017869700 0.0019457900 0.0007155300 0.0111795599 0.0091445995 0.0021089700 0.0019746099 0.0025615899 0.0013578100 0.0024160100 0.0034345200 0.0003853800 0.0014800100 0.0207517091 
0.0783100501 0.0524602383 0.0443325713 0.0513034910 0.0218970403 0.0358576588 0.0561577082 0.0778343305 0.0260109305 0.0651164800 0.0971648917 0.0587707683 0.0243811700 0.0446322784 0.0394014195 0.0584991612 0.0511530600 0.0120352302 0.0312472600 0.0734342635 
